{
 "cells": [
  {
   "cell_type": "code",
   "execution_count": 1,
   "metadata": {
    "id": "-HqK2xfA74TF"
   },
   "outputs": [],
   "source": [
    "from qiskit_nature.drivers import Molecule\n",
    "from qiskit_nature.drivers.second_quantization import (\n",
    "    ElectronicStructureMoleculeDriver, ElectronicStructureDriverType)\n",
    "from qiskit_nature.problems.second_quantization import ElectronicStructureProblem\n",
    "from qiskit_nature.transformers.second_quantization.electronic import FreezeCoreTransformer\n",
    "from qiskit_nature.converters.second_quantization import QubitConverter\n",
    "from qiskit_nature.mappers.second_quantization import ParityMapper\n",
    "from qiskit.opflow import TwoQubitReduction\n",
    "from qiskit.utils import QuantumInstance\n",
    "from qiskit import IBMQ, BasicAer, Aer\n",
    "from qiskit.algorithms.optimizers import COBYLA\n",
    "from qiskit_nature.algorithms import (GroundStateEigensolver,\n",
    "                                      NumPyMinimumEigensolverFactory)\n",
    "from qiskit_nature.circuit.library import UCCSD, HartreeFock\n",
    "from qiskit.algorithms import VQE\n",
    "\n",
    "\n",
    "\n",
    "def exact_solver(problem, converter):\n",
    "    solver = NumPyMinimumEigensolverFactory()\n",
    "    calc = GroundStateEigensolver(converter, solver)\n",
    "    result = calc.solve(problem)\n",
    "    return result\n",
    "\n",
    "def get_qubit_op(coordinates):\n",
    "    \n",
    "    # Define Molecule\n",
    "    molecule = Molecule(\n",
    "        # Coordinates in Angstrom\n",
    "        geometry=[\n",
    "            [\"H\", [coordinates[0],coordinates[1],0]],\n",
    "            [\"H\", [coordinates[2],coordinates[3],0]],\n",
    "            [\"H\", [coordinates[4],coordinates[5],0]]\n",
    "        ],\n",
    "        multiplicity=1,  # = 2*spin + 1\n",
    "        charge=1,\n",
    "    )\n",
    "\n",
    "    driver = ElectronicStructureMoleculeDriver(\n",
    "        molecule=molecule,\n",
    "        basis=\"sto3g\",\n",
    "        driver_type=ElectronicStructureDriverType.PYSCF)\n",
    "\n",
    "    # Get properties\n",
    "    properties = driver.run()\n",
    "    num_particles = (properties\n",
    "                        .get_property(\"ParticleNumber\")\n",
    "                        .num_particles)\n",
    "    num_spin_orbitals = int(properties\n",
    "                            .get_property(\"ParticleNumber\")\n",
    "                            .num_spin_orbitals)\n",
    "    \n",
    "    # Define Problem, Use freeze core approximation, remove orbitals.\n",
    "    problem = ElectronicStructureProblem(\n",
    "        driver,\n",
    "        [FreezeCoreTransformer(freeze_core=True)])\n",
    "\n",
    "    second_q_ops = problem.second_q_ops()  # Get 2nd Quant OP\n",
    "    num_spin_orbitals = problem.num_spin_orbitals\n",
    "    num_particles = problem.num_particles\n",
    "\n",
    "    mapper = ParityMapper()  # Set Mapper\n",
    "    hamiltonian = second_q_ops[0]  # Set Hamiltonian\n",
    "    # Do two qubit reduction\n",
    "    converter = QubitConverter(mapper,two_qubit_reduction=True)\n",
    "    reducer = TwoQubitReduction(num_particles)\n",
    "    qubit_op = converter.convert(hamiltonian)\n",
    "    qubit_op = reducer.convert(qubit_op)\n",
    "\n",
    "    return qubit_op, num_particles, num_spin_orbitals, problem, converter\n",
    "\n",
    "def calc_ground_state(op,num_part,num_orb,problem,converter,simulator='qasm', shots=1028):\n",
    "\n",
    "    \n",
    "    if simulator == 'qasm':\n",
    "        backend = Aer.get_backend('qasm_simulator') \n",
    "        quantum_instance = QuantumInstance(backend,shots=shots)\n",
    "        optimizer = COBYLA(maxiter=400)\n",
    "    elif simulator == 'exact':\n",
    "        backend = BasicAer.get_backend(\"statevector_simulator\")\n",
    "        quantum_instance = QuantumInstance(backend)\n",
    "        optimizer = COBYLA(maxiter=400)\n",
    "    else:\n",
    "        print('Error: simulator should be qasm or exact!')\n",
    " \n",
    "    result = exact_solver(problem,converter)\n",
    "\n",
    "\n",
    "    init_state = HartreeFock(num_orb, num_part, converter)\n",
    "     \n",
    "    var_form = UCCSD(converter,\n",
    "                        num_part,\n",
    "                        num_orb,\n",
    "                        initial_state=init_state)\n",
    "\n",
    "    vqe = VQE(var_form, optimizer, quantum_instance=quantum_instance) \n",
    "    vqe_result = vqe.compute_minimum_eigenvalue(op)\n",
    "    min_eng = vqe_result.eigenvalue\n",
    "    final_params = vqe_result.optimal_parameters \n",
    "    vqe_ground = vqe.ansatz.bind_parameters(final_params)  \n",
    "    \n",
    "    print('ground state energy: ',min_eng)\n",
    "    \n",
    "    return vqe_ground, min_eng"
   ]
  },
  {
   "cell_type": "code",
   "execution_count": 2,
   "metadata": {
    "id": "XIHU7gaW74TH"
   },
   "outputs": [],
   "source": [
    "Ha = 4.36e-18\n",
    "angst = 1.0e-10\n",
    "dR = 0.02 #removed the angst, since coordinates are given in angst\n",
    "m = 16 #times which we calculate the force\n",
    "\n",
    "from qiskit.opflow import I, X, Y, Z\n",
    "from qiskit.opflow.primitive_ops import PauliOp\n",
    "from qiskit.quantum_info import Pauli\n",
    "#from hamiltonian import calc_ground_state, get_qubit_op\n",
    "import numpy as np\n",
    "from qiskit.utils import QuantumInstance\n",
    "from qiskit.opflow import PauliExpectation, CircuitSampler, StateFn, CircuitStateFn\n",
    "from qiskit import IBMQ, BasicAer, Aer\n",
    "\n",
    "import time #to see which part of code takes the longest\n",
    "\n",
    "\n",
    "def get_psi_0(coordinates, simulator='qasm',shots=1028):\n",
    "\n",
    "    #get qubit operator corresponding to H(R)\n",
    "    (qubit_op, num_part, num_orb, problem, converter) = get_qubit_op(coordinates)\n",
    "    #get the ground state of H(R)\n",
    "    psi_0,_ = calc_ground_state(qubit_op,num_part, num_orb, problem, converter, simulator,shots=shots)\n",
    "    psi_0 = CircuitStateFn(psi_0)\n",
    "\n",
    "    return psi_0\n",
    "\n",
    "def calc_forces(coordinates, psi=None, simulator='qasm'):\n",
    "    \n",
    "    psi_0 = psi\n",
    "    \n",
    "    if (psi_0 == None):\n",
    "        psi_0 = get_psi_0(coordinates, simulator)\n",
    "        \n",
    "    if simulator == 'exact':\n",
    "        backend = Aer.get_backend('qasm_simulator') \n",
    "        q_instance = QuantumInstance(backend, shots=1028)\n",
    "    elif simulator == \"exact\":\n",
    "        backend = BasicAer.get_backend(\"statevector_simulator\")\n",
    "        q_instance = QuantumInstance(backend)\n",
    "    else:\n",
    "        print('Error: simulator should be qasm or exact!')\n",
    "        \n",
    "    forces = []\n",
    "    vars = []\n",
    "    #loop over particles\n",
    "    \n",
    "    for i in range(len(coordinates)):\n",
    "\n",
    "        #get qubit operators coresponding to H+ (hamiltonian for atomic distances R + dR)\n",
    "        (qubit_op_plus, num_part_plus, num_orb_plus, problem_plus, converter_plus) = get_qubit_op(np.split((coordinates[0:i]+[(coordinates[i]+dR)]+coordinates[i+1:]),3))\n",
    "    \n",
    "        #get qubit operators coresponding to H- (hamiltonian for atomic distances R - dR)\n",
    "        (qubit_op_minus, num_part_minus, num_orb_minus, problem_minus, converter_minus) = get_qubit_op(np.split((coordinates[0:i]+[(coordinates[i]+dR)]+coordinates[i+1:]),3))\n",
    "    \n",
    "        rep_eng_plus = problem_plus.grouped_property_transformed.get_property(\"ElectronicEnergy\").nuclear_repulsion_energy\n",
    "        rep_eng_minus = problem_minus.grouped_property_transformed.get_property(\"ElectronicEnergy\").nuclear_repulsion_energy\n",
    "    \n",
    "        #define desired observable (H_+ - H_-)/(2dR) = force  \n",
    "        Obs = (qubit_op_plus-qubit_op_minus)\n",
    "        Obs_var = Obs*Obs\n",
    "        print(\"PRIMITIVE LIST\")\n",
    "        print(Obs_var.primitive.to_list())\n",
    "        nuc = rep_eng_plus - rep_eng_minus\n",
    "        #Obs_squared = Obs * Obs\n",
    "       \n",
    "        #get the expectation value <psi_0|O|psi_0>Ã‚Â¨\n",
    "        \n",
    "        measurable_expression = StateFn(Obs, is_measurement=True).compose(psi_0)\n",
    "        measurable_expression_var = StateFn(Obs_var, is_measurement=True).compose(psi_0)\n",
    "        #measurable_expression_var =  StateFn(Obs_squared, is_measurement=True).compose(psi_0)\n",
    "        expectation = PauliExpectation().convert(measurable_expression)\n",
    "        expectation_var = PauliExpectation().convert(measurable_expression_var)\n",
    " \n",
    "        #expectation_var = PauliExpectation().convert(measurable_expression)\n",
    "        sampler = CircuitSampler(q_instance).convert(expectation)\n",
    "        sampler_var = CircuitSampler(q_instance).convert(expectation_var)\n",
    "        #sampler_var = CircuitSampler(q_instance).convert(expectation) \n",
    "\n",
    "        f = sampler.eval().real + nuc\n",
    "        ff = sampler_var.eval().real + 2*sampler.eval().real*nuc +nuc**2 +(sampler.eval().real)**2\n",
    "        print(ff)\n",
    "        #print(sampler_var.eval())\n",
    "        #variance = sampler_var.eval().real - f^2\n",
    "        forces.append(f*Ha*(1/(2*dR*angst)))\n",
    "        vars.append(ff*Ha*(1/(2*dR*angst)))\n",
    "        # in the dimension of nN to avoid small values.\n",
    "    \n",
    "    return forces,vars\n",
    "\n",
    "\n",
    "def calc_force_and_cov(coordinates, simulator = 'qasm', PauliSet = None, mode = 'full', shots = 1028):\n",
    "    \n",
    "    if simulator == 'exact':\n",
    "            backend = Aer.get_backend('qasm_simulator') \n",
    "            q_instance = QuantumInstance(backend, shots=shots)\n",
    "    elif simulator == \"qasm\":\n",
    "            backend = BasicAer.get_backend(\"statevector_simulator\")\n",
    "            q_instance = QuantumInstance(backend)\n",
    "    else:\n",
    "        print('Error: simulator should be qasm or exact!')\n",
    "        \n",
    "    num_coord = len(coordinates)   \n",
    "    \n",
    "    start = time.time()\n",
    "    psi_0 = get_psi_0(coordinates, simulator = simulator, shots=shots)\n",
    "    end = time.time()\n",
    "    \n",
    "    time_psi_0 = end - start\n",
    "\n",
    "    forces = np.zeros(num_coord)\n",
    "    force_ops = []\n",
    "    force_op_coeffs = [] # array with dictionaries containing Pauli coefficients\n",
    "    coordinates = coordinates.tolist()\n",
    "    \n",
    "    \n",
    "    start = time.time()\n",
    "    #get force component operators and decomposition (without the 1/(2*dR) factor, for numerical reasons) \n",
    "    for i in range(num_coord):\n",
    "        \n",
    "        #get qubit operators coresponding to H+ (hamiltonian for atomic distances R + dR)\n",
    "        (qubit_op_plus, num_part_plus, num_orb_plus, problem_plus, converter_plus) = get_qubit_op(coordinates[0:i]+[(coordinates[i]+dR)]+coordinates[i+1:])\n",
    "        #get qubit operators coresponding to H- (hamiltonian for atomic distances R - dR)\n",
    "        (qubit_op_minus, num_part_minus, num_orb_minus, problem_minus, converter_minus) = get_qubit_op(coordinates[0:i]+[(coordinates[i]-dR)]+coordinates[i+1:])\n",
    "\n",
    "        rep_eng_plus = problem_plus.grouped_property_transformed.get_property(\"ElectronicEnergy\").nuclear_repulsion_energy\n",
    "        rep_eng_minus  = problem_minus.grouped_property_transformed.get_property(\"ElectronicEnergy\").nuclear_repulsion_energy\n",
    "        \n",
    "        qubit_op_plus = qubit_op_plus + rep_eng_plus*(I^I^I^I) #TODO:number of I's needs to be changed according to number of qubits\n",
    "        qubit_op_minus = qubit_op_minus + rep_eng_minus*(I^I^I^I)\n",
    "        \n",
    "       \n",
    "        op =  -(qubit_op_plus - qubit_op_minus)\n",
    "                    \n",
    "        op_list = op.primitive.to_list() #list containing Pauli operators in support and corresponding coeffs\n",
    "        \n",
    "        #construct dict from list\n",
    "        op_dict = {}\n",
    "        for (PauliString,coeff) in op_list:\n",
    "\n",
    "            if PauliString in op_dict:\n",
    "                op_dict[PauliString] += coeff\n",
    "            else:\n",
    "                op_dict[PauliString] = coeff\n",
    "                \n",
    "        force_ops.append(op)\n",
    "        force_op_coeffs.append(op_dict)\n",
    "        \n",
    "        if i == 0:  #we need two Pauli Ops to calculate the product and their support\n",
    "            P1 = op\n",
    "    \n",
    "    \n",
    "    if PauliSet == None:\n",
    "        \n",
    "        pauli_op_set = {'IIII'} #Could not initialize empty set for some reason\n",
    "        # construct set of PauliOp products that we need to calculate\n",
    "\n",
    "        for PauliString,coeff in force_op_coeffs[0].items():\n",
    "            pauli_op_set.add(PauliString)\n",
    "\n",
    "        #to get set of necessary PauliOp products:\n",
    "        \n",
    "            P_prod = P1@P1\n",
    "            P_list = P_prod.primitive.to_list()\n",
    "\n",
    "            for (PauliString,coeff) in P_list:\n",
    "                pauli_op_set.add(PauliString)\n",
    "                \n",
    "    else: pauli_op_set = PauliSet\n",
    "        \n",
    "    end = time.time()\n",
    "    \n",
    "    time_pauli_ops = end - start\n",
    "        \n",
    "\n",
    "        # Now we calculate the expectation values of all the relevant PauliOps\n",
    "    \n",
    "    start = time.time()\n",
    "    exp_dict = {} # dictionary with relevant expectation values\n",
    "        \n",
    "    for pauli_string in pauli_op_set:\n",
    "            \n",
    "        Obs = PauliOp(Pauli(pauli_string))\n",
    "        measurable_expression = StateFn(Obs, is_measurement=True).compose(psi_0)\n",
    "        expectation = PauliExpectation().convert(measurable_expression)  \n",
    "        sampler = CircuitSampler(q_instance).convert(expectation) \n",
    "        E = sampler.eval().real\n",
    "            \n",
    "        exp_dict[pauli_string] = E\n",
    "                \n",
    "    for i in range(len(coordinates)):\n",
    "        for pauli_op,coeff in force_op_coeffs[i].items():\n",
    "            forces[i] += coeff.real*exp_dict[pauli_op]\n",
    "            \n",
    "    end = time.time()   \n",
    "    time_calc_exp = end - start\n",
    "    \n",
    "    \n",
    "    start = time.time()\n",
    "    COV = np.zeros((num_coord,num_coord)) #force covariance matrix, without some multiplicative factors. \n",
    "        \n",
    "    for i in range(num_coord):\n",
    "        for j in range(i,num_coord):\n",
    "\n",
    "            Pij = force_ops[i]@force_ops[j]\n",
    "            Pij_list = Pij.primitive.to_list()\n",
    "\n",
    "            #add product expectation <FiFj>\n",
    "            for (pauli_string,coeff) in Pij_list:\n",
    "                COV[i,j] += coeff.real*exp_dict[pauli_string]\n",
    "                    #subtract <Fi><Fj>\n",
    "            COV[i,j] -= forces[i]*forces[j]\n",
    "\n",
    "            #since COV is symmetric\n",
    "            if i < j:\n",
    "                COV[j,i] = COV[i,j]\n",
    "    end = time.time()\n",
    "    \n",
    "    time_cov = end - start\n",
    "\n",
    "    #print(f'Time to: Calculate Ground State - {round(time_psi_0,2)}s, Get Pauli Ops - {round(time_pauli_ops,2)}s, Calculate Pauli Expectation Values - {round(time_calc_exp,2)}s, Calculate Covariance - {round(time_cov,2)}s')\n",
    "    print(COV)\n",
    "    return forces*Ha*(1/(2*dR*angst)),COV*(Ha*(1/(2*dR*angst)))**2"
   ]
  },
  {
   "cell_type": "code",
   "execution_count": 3,
   "metadata": {
    "id": "0zAsZiVp74TP"
   },
   "outputs": [],
   "source": [
    "#from Quantech.verlet_integrator import distance\n",
    "#from force import calc_force_and_cov\n",
    "import numpy as np\n",
    "from tqdm import tqdm #to show progress\n",
    "\n",
    "\n",
    "#implementation of the explicit Euler integrator\n",
    "femto = 1.0e-15\n",
    "angst = 1.0e-10\n",
    "\n",
    "def distance(coordinates1,coordinates2):\n",
    "    return np.sqrt(np.power((coordinates1[0] - coordinates2[0]),2) + np.power((coordinates1[1] - coordinates2[1]),2))\n",
    "\n",
    "\n",
    "def main():\n",
    "    #mass of particle1 (H)\n",
    "    mass_0 = 1.67e-27\n",
    "    #mass of particle2 (H)\n",
    "    mass_1 = 1.67e-27\n",
    "    #mass of particle3 (H)\n",
    "    mass_2 = 1.67e-27\n",
    "    #time step of integrator\n",
    "    dt = 0.2*femto\n",
    "    #initial velocity of atoms\n",
    "    v_init_0 = np.array([0,0])\n",
    "    v_init_1 = np.array([0,0])\n",
    "    v_init_2 = np.array([0,0])\n",
    "\n",
    "    v_init = np.concatenate((v_init_0,v_init_1,v_init_2),axis=None)\n",
    "\n",
    "    #distances between atoms\n",
    "    d = 0.8\n",
    "\n",
    "    #initial positions of atoms, arrangement = equilateral triangle\n",
    "    init_pos0 = np.array([0,0])\n",
    "    init_pos1 = np.array([d,0])\n",
    "    init_pos2 = np.array([d/2,np.sqrt(3)/2*d])\n",
    "    init_pos = np.concatenate((init_pos0,init_pos1,init_pos2),axis=None)\n",
    "\n",
    "    #integrator timesteps\n",
    "    times = np.arange(0*femto, 20.0*femto, dt)\n",
    "    #coordinate array\n",
    "    coords = [init_pos]\n",
    "    force = []\n",
    "    distance01 = [d]\n",
    "    distance02 = [d]\n",
    "    distance12 = [d]\n",
    "    #temperature in ?? \n",
    "    #k_B*T in Joule\n",
    "    k_b = 1.38065e-23\n",
    "    T = 420\n",
    "    k_T = k_b*T\n",
    "        #delta factor\n",
    "    delta = 0.1*dt\n",
    "    #hold v_next\n",
    "    v_next = None\n",
    "    \n",
    "    simulator = 'qasm'\n",
    "\n",
    "    for time in tqdm(times, desc='Progress: '):\n",
    "        \n",
    "        r = coords[-1]\n",
    "        \n",
    "        (forces,COV) = calc_force_and_cov(coords[-1],simulator = simulator, shots = 2000)\n",
    "        \n",
    "        if time == 0:\n",
    "\n",
    "            v_next = v_init - delta/(2*k_T*np.power(mass_0*mass_1*mass_2,1/3))*np.matmul(COV,v_init)*dt + dt*forces/mass_0\n",
    "            \n",
    "            r_next = (r*angst + dt*v_next)/angst\n",
    "\n",
    "            #r_split = np.array_split(r_next,3)\n",
    "\n",
    "            coords.append(r_next)\n",
    "\n",
    "        else:\n",
    "\n",
    "            v_next += - delta/(2*k_T*np.power(mass_0*mass_1*mass_2,1/3))*np.matmul(COV,v_next)*dt + dt*forces/mass_0\n",
    "            \n",
    "            r_next = (r*angst + dt*v_next)/angst\n",
    "\n",
    "            #r_split = np.array_split(r_next,3)\n",
    "\n",
    "            coords.append(r_next)\n",
    "\n",
    "        dists = np.split(coords[-1],3)\n",
    "        d01 = distance(dists[0],dists[1])\n",
    "        print(d01)\n",
    "        distance01.append(d01)\n",
    "        d02 = distance(dists[0],dists[2])\n",
    "        distance02.append(d02)\n",
    "        d12 = distance(dists[1],dists[2])\n",
    "        distance12.append(d12)\n",
    "        \n",
    "    return (distance01,distance02,distance12,times)    "
   ]
  },
  {
   "cell_type": "code",
   "execution_count": 4,
   "metadata": {
    "colab": {
     "base_uri": "https://localhost:8080/",
     "height": 1000
    },
    "id": "dmmwLC6Y74TQ",
    "outputId": "e0c92b76-1146-4dd6-e5a4-fb724e64058a"
   },
   "outputs": [
    {
     "name": "stderr",
     "output_type": "stream",
     "text": [
      "Progress:   0%|          | 0/100 [00:00<?, ?it/s]/opt/anaconda3/envs/qiskit/lib/python3.9/site-packages/pyscf/lib/misc.py:46: H5pyDeprecationWarning: Using default_file_mode other than 'r' is deprecated. Pass the mode to h5py.File() instead.\n",
      "  h5py.get_config().default_file_mode = 'a'\n",
      "/opt/anaconda3/envs/qiskit/lib/python3.9/site-packages/qiskit_nature/problems/second_quantization/electronic/electronic_structure_problem.py:93: ListAuxOpsDeprecationWarning: List-based `aux_operators` are deprecated as of version 0.3.0 and support for them will be removed no sooner than 3 months after the release. Instead, use dict-based `aux_operators`. You can switch to the dict-based interface immediately, by setting `qiskit_nature.settings.dict_aux_operators` to `True`.\n",
      "  second_quantized_ops = self._grouped_property_transformed.second_q_ops()\n"
     ]
    },
    {
     "name": "stdout",
     "output_type": "stream",
     "text": [
      "ground state energy:  (-3.213997900468431+0j)\n"
     ]
    },
    {
     "name": "stderr",
     "output_type": "stream",
     "text": [
      "\r",
      "Progress:   1%|          | 1/100 [01:03<1:44:38, 63.42s/it]"
     ]
    },
    {
     "name": "stdout",
     "output_type": "stream",
     "text": [
      "[[ 1.66723210e-05  3.27185888e-06 -1.66723210e-05  3.27185888e-06\n",
      "   8.02886663e-15 -2.57031163e-05]\n",
      " [ 3.27185888e-06  6.42595013e-05 -3.27185891e-06  6.42595013e-05\n",
      "   4.46053664e-15  5.98101312e-05]\n",
      " [-1.66723210e-05 -3.27185891e-06  1.66723210e-05 -3.27185887e-06\n",
      "  -6.69659900e-15  2.57031163e-05]\n",
      " [ 3.27185888e-06  6.42595013e-05 -3.27185887e-06  6.42595013e-05\n",
      "   8.01325032e-15  5.98101312e-05]\n",
      " [ 8.02886663e-15  4.46053664e-15 -6.69659900e-15  8.01325032e-15\n",
      "  -1.30283775e-29  3.95536278e-15]\n",
      " [-2.57031163e-05  5.98101312e-05  2.57031163e-05  5.98101312e-05\n",
      "   3.95536278e-15  1.05741666e-04]]\n",
      "0.8051009100409231\n",
      "ground state energy:  (-3.2045288307512356+0j)\n"
     ]
    },
    {
     "name": "stderr",
     "output_type": "stream",
     "text": [
      "\r",
      "Progress:   2%|▏         | 2/100 [01:59<1:36:58, 59.37s/it]"
     ]
    },
    {
     "name": "stdout",
     "output_type": "stream",
     "text": [
      "[[ 1.71543543e-05  3.53275586e-06 -1.71543543e-05  3.53275586e-06\n",
      "  -3.97218683e-15 -2.62816650e-05]\n",
      " [ 3.53275586e-06  6.89416180e-05 -3.53275584e-06  6.89416180e-05\n",
      "   2.23411960e-15  6.41168426e-05]\n",
      " [-1.71543543e-05 -3.53275584e-06  1.71543543e-05 -3.53275586e-06\n",
      "   4.86036525e-15  2.62816650e-05]\n",
      " [ 3.53275586e-06  6.89416180e-05 -3.53275586e-06  6.89416180e-05\n",
      "   4.45456565e-15  6.41168426e-05]\n",
      " [-3.97218683e-15  2.23411960e-15  4.86036525e-15  4.45456565e-15\n",
      "  -1.77635684e-15 -9.17149816e-16]\n",
      " [-2.62816650e-05  6.41168426e-05  2.62816650e-05  6.41168426e-05\n",
      "  -9.17149816e-16  1.11136348e-04]]\n",
      "0.8149999523899109\n",
      "ground state energy:  (-3.1851826108819266+0j)\n"
     ]
    },
    {
     "name": "stderr",
     "output_type": "stream",
     "text": [
      "\r",
      "Progress:   3%|▎         | 3/100 [02:57<1:34:50, 58.67s/it]"
     ]
    },
    {
     "name": "stdout",
     "output_type": "stream",
     "text": [
      "[[ 2.17996815e-05  7.70914089e-06 -2.17996815e-05  7.70914089e-06\n",
      "  -9.27110561e-16 -3.01076601e-05]\n",
      " [ 7.70914089e-06  5.64243406e-05 -7.70914089e-06  5.64243406e-05\n",
      "  -1.15681839e-14  4.40597136e-05]\n",
      " [-2.17996815e-05 -7.70914089e-06  2.17996815e-05 -7.70914089e-06\n",
      "  -4.05157069e-16  3.01076601e-05]\n",
      " [ 7.70914089e-06  5.64243406e-05 -7.70914089e-06  5.64243406e-05\n",
      "  -9.79182706e-15  4.40597136e-05]\n",
      " [-9.27110561e-16 -1.15681839e-14 -4.05157069e-16 -9.79182706e-15\n",
      "   4.44089210e-16  1.37784245e-15]\n",
      " [-3.01076601e-05  4.40597136e-05  3.01076601e-05  4.40597136e-05\n",
      "   1.37784245e-15  9.73173728e-05]]\n",
      "0.8292212013896112\n",
      "ground state energy:  (-3.1507627688454525+0j)\n"
     ]
    },
    {
     "name": "stderr",
     "output_type": "stream",
     "text": [
      "\r",
      "Progress:   4%|▍         | 4/100 [03:58<1:35:10, 59.48s/it]"
     ]
    },
    {
     "name": "stdout",
     "output_type": "stream",
     "text": [
      "[[ 1.33234749e-05 -2.97381605e-06 -1.33234749e-05 -2.97381605e-06\n",
      "  -1.24468742e-14 -2.62551322e-05]\n",
      " [-2.97381605e-06  8.18852151e-05  2.97381603e-06  8.18852151e-05\n",
      "  -2.22705307e-15  8.85473790e-05]\n",
      " [-1.33234749e-05  2.97381603e-06  1.33234749e-05  2.97381605e-06\n",
      "   1.73318555e-14  2.62551322e-05]\n",
      " [-2.97381605e-06  8.18852151e-05  2.97381605e-06  8.18852151e-05\n",
      "  -1.78296386e-15  8.85473790e-05]\n",
      " [-1.24468742e-14 -2.22705307e-15  1.73318555e-14 -1.78296386e-15\n",
      "  -2.66453526e-15 -4.29249691e-16]\n",
      " [-2.62551322e-05  8.85473790e-05  2.62551322e-05  8.85473790e-05\n",
      "  -4.29249691e-16  1.35918968e-04]]\n",
      "0.8471403973528723\n",
      "ground state energy:  (-3.1264788469955844+0j)\n"
     ]
    },
    {
     "name": "stderr",
     "output_type": "stream",
     "text": [
      "\r",
      "Progress:   5%|▌         | 5/100 [04:56<1:33:08, 58.83s/it]"
     ]
    },
    {
     "name": "stdout",
     "output_type": "stream",
     "text": [
      "[[ 6.03583141e-06  9.20306435e-07 -6.03583140e-06  9.20306435e-07\n",
      "  -2.30982009e-14 -9.57571405e-06]\n",
      " [ 9.20306435e-07  2.23233747e-05 -9.20306429e-07  2.23233747e-05\n",
      "   4.88184540e-15  2.11205134e-05]\n",
      " [-6.03583140e-06 -9.20306429e-07  6.03583140e-06 -9.20306436e-07\n",
      "   2.04336656e-14  9.57571405e-06]\n",
      " [ 9.20306435e-07  2.23233747e-05 -9.20306436e-07  2.23233747e-05\n",
      "   8.43455908e-15  2.11205134e-05]\n",
      " [-2.30982009e-14  4.88184540e-15  2.04336656e-14  8.43455908e-15\n",
      "  -4.44089210e-16 -4.87848256e-15]\n",
      " [-9.57571405e-06  2.11205134e-05  9.57571405e-06  2.11205134e-05\n",
      "  -4.87848256e-15  3.81771235e-05]]\n",
      "0.8681056609508053\n",
      "ground state energy:  (-3.084178777681337+0j)\n"
     ]
    },
    {
     "name": "stderr",
     "output_type": "stream",
     "text": [
      "\r",
      "Progress:   6%|▌         | 6/100 [05:54<1:31:57, 58.69s/it]"
     ]
    },
    {
     "name": "stdout",
     "output_type": "stream",
     "text": [
      "[[ 3.17918998e-05  2.38466209e-05 -3.17918998e-05  2.38466209e-05\n",
      "  -2.19957587e-15 -3.11119751e-05]\n",
      " [ 2.38466209e-05  1.04031908e-04 -2.38466209e-05  1.04031908e-04\n",
      "  -6.20446133e-15  6.43027448e-05]\n",
      " [-3.17918998e-05 -2.38466209e-05  3.17918998e-05 -2.38466209e-05\n",
      "   2.64366508e-15  3.11119751e-05]\n",
      " [ 2.38466209e-05  1.04031908e-04 -2.38466209e-05  1.04031908e-04\n",
      "  -5.31628291e-15  6.43027448e-05]\n",
      " [-2.19957587e-15 -6.20446133e-15  2.64366508e-15 -5.31628291e-15\n",
      "   1.33226763e-15  3.97345713e-15]\n",
      " [-3.11119751e-05  6.43027448e-05  3.11119751e-05  6.43027448e-05\n",
      "   3.97345713e-15  1.19607574e-04]]\n",
      "0.8912579157632832\n",
      "ground state energy:  (-3.0357020752036723+0j)\n"
     ]
    },
    {
     "name": "stderr",
     "output_type": "stream",
     "text": [
      "\r",
      "Progress:   7%|▋         | 7/100 [06:52<1:30:30, 58.39s/it]"
     ]
    },
    {
     "name": "stdout",
     "output_type": "stream",
     "text": [
      "[[ 7.42907181e-06  3.51077682e-06 -7.42907182e-06  3.51077682e-06\n",
      "  -1.01830367e-14 -9.36624196e-06]\n",
      " [ 3.51077682e-06  1.14433738e-04 -3.51077682e-06  1.14433738e-04\n",
      "  -4.42324806e-15  1.10230072e-04]\n",
      " [-7.42907182e-06 -3.51077682e-06  7.42907182e-06 -3.51077682e-06\n",
      "   1.72884641e-14  9.36624197e-06]\n",
      " [ 3.51077682e-06  1.14433738e-04 -3.51077682e-06  1.14433738e-04\n",
      "  -3.09098043e-15  1.10230072e-04]\n",
      " [-1.01830367e-14 -4.42324806e-15  1.72884641e-14 -3.09098043e-15\n",
      "  -8.88178420e-16  2.62845796e-15]\n",
      " [-9.36624196e-06  1.10230072e-04  9.36624197e-06  1.10230072e-04\n",
      "   2.62845796e-15  1.28379473e-04]]\n",
      "0.9160710546415056\n",
      "ground state energy:  (-2.98732617328392+0j)\n"
     ]
    },
    {
     "name": "stderr",
     "output_type": "stream",
     "text": [
      "\r",
      "Progress:   8%|▊         | 8/100 [07:49<1:28:51, 57.95s/it]"
     ]
    },
    {
     "name": "stdout",
     "output_type": "stream",
     "text": [
      "[[ 5.76039633e-06  1.92781952e-06 -5.76039632e-06  1.92781952e-06\n",
      "  -1.76192439e-15 -8.07639813e-06]\n",
      " [ 1.92781952e-06  9.32155928e-05 -1.92781952e-06  9.32155928e-05\n",
      "   2.31006427e-14  9.13607625e-05]\n",
      " [-5.76039632e-06 -1.92781952e-06  5.76039632e-06 -1.92781952e-06\n",
      "   6.64690570e-15  8.07639813e-06]\n",
      " [ 1.92781952e-06  9.32155928e-05 -1.92781952e-06  9.32155928e-05\n",
      "   2.31006427e-14  9.13607625e-05]\n",
      " [-1.76192439e-15  2.31006427e-14  6.64690570e-15  2.31006427e-14\n",
      "   6.21724894e-15 -2.68153413e-15]\n",
      " [-8.07639813e-06  9.13607625e-05  8.07639813e-06  9.13607625e-05\n",
      "  -2.68153413e-15  1.06905779e-04]]\n",
      "0.9419169160678863\n",
      "ground state energy:  (-2.9407853086821056+0j)\n"
     ]
    },
    {
     "name": "stderr",
     "output_type": "stream",
     "text": [
      "\r",
      "Progress:   9%|▉         | 9/100 [08:48<1:28:16, 58.20s/it]"
     ]
    },
    {
     "name": "stdout",
     "output_type": "stream",
     "text": [
      "[[ 5.02151621e-06 -5.12873086e-06 -5.02151623e-06 -5.12873087e-06\n",
      "  -1.77588945e-14 -1.39415817e-05]\n",
      " [-5.12873086e-06  1.57038141e-04  5.12873088e-06  1.57038141e-04\n",
      "   4.45533350e-16  1.68444094e-04]\n",
      " [-5.02151623e-06  5.12873088e-06  5.02151623e-06  5.12873087e-06\n",
      "   1.82029837e-14  1.39415817e-05]\n",
      " [-5.12873087e-06  1.57038141e-04  5.12873087e-06  1.57038141e-04\n",
      "  -1.33082349e-15  1.68444094e-04]\n",
      " [-1.77588945e-14  4.45533350e-16  1.82029837e-14 -1.33082349e-15\n",
      "  -7.10542736e-15  6.65466970e-15]\n",
      " [-1.39415817e-05  1.68444094e-04  1.39415817e-05  1.68444094e-04\n",
      "   6.65466970e-15  1.95356598e-04]]\n",
      "0.9682145792227145\n",
      "ground state energy:  (-2.911246009764224+0j)\n"
     ]
    },
    {
     "name": "stderr",
     "output_type": "stream",
     "text": [
      "\r",
      "Progress:  10%|█         | 10/100 [09:46<1:27:35, 58.39s/it]"
     ]
    },
    {
     "name": "stdout",
     "output_type": "stream",
     "text": [
      "[[ 1.27015072e-05  1.23088933e-06 -1.27015072e-05  1.23088933e-06\n",
      "   1.77991373e-15 -2.08668684e-05]\n",
      " [ 1.23088933e-06  6.17683473e-05 -1.23088934e-06  6.17683473e-05\n",
      "   1.33225045e-14  6.05520192e-05]\n",
      " [-1.27015072e-05 -1.23088934e-06  1.27015072e-05 -1.23088933e-06\n",
      "   3.99324600e-15  2.08668684e-05]\n",
      " [ 1.23088933e-06  6.17683473e-05 -1.23088933e-06  6.17683473e-05\n",
      "   1.50988613e-14  6.05520192e-05]\n",
      " [ 1.77991373e-15  1.33225045e-14  3.99324600e-15  1.50988613e-14\n",
      "  -4.88498131e-15 -1.33863453e-15]\n",
      " [-2.08668684e-05  6.05520192e-05  2.08668684e-05  6.05520192e-05\n",
      "  -1.33863453e-15  9.77953709e-05]]\n",
      "0.9943681965468614\n",
      "ground state energy:  (-2.8681642815741966+0j)\n"
     ]
    },
    {
     "name": "stderr",
     "output_type": "stream",
     "text": [
      "\r",
      "Progress:  11%|█         | 11/100 [10:47<1:27:32, 59.02s/it]"
     ]
    },
    {
     "name": "stdout",
     "output_type": "stream",
     "text": [
      "[[ 1.87953173e-05  1.25850621e-05 -1.87953173e-05  1.25850621e-05\n",
      "  -5.33310787e-15 -1.99256501e-05]\n",
      " [ 1.25850621e-05  2.97549335e-04 -1.25850621e-05  2.97549335e-04\n",
      "  -5.33092481e-15  2.80094455e-04]\n",
      " [-1.87953173e-05 -1.25850621e-05  1.87953173e-05 -1.25850621e-05\n",
      "   4.48126557e-16  1.99256501e-05]\n",
      " [ 1.25850621e-05  2.97549335e-04 -1.25850621e-05  2.97549335e-04\n",
      "  -5.77501402e-15  2.80094455e-04]\n",
      " [-5.33310787e-15 -5.33092481e-15  4.48126557e-16 -5.77501402e-15\n",
      "  -4.44089210e-16 -4.87982786e-15]\n",
      " [-1.99256501e-05  2.80094455e-04  1.99256501e-05  2.80094455e-04\n",
      "  -4.87982786e-15  3.18941546e-04]]\n",
      "1.019886340258116\n",
      "ground state energy:  (-2.8153947313647305+0j)\n"
     ]
    },
    {
     "name": "stderr",
     "output_type": "stream",
     "text": [
      "\r",
      "Progress:  12%|█▏        | 12/100 [11:49<1:27:50, 59.90s/it]"
     ]
    },
    {
     "name": "stdout",
     "output_type": "stream",
     "text": [
      "[[ 1.47645596e-05  7.63909478e-06 -1.47645596e-05  7.63909479e-06\n",
      "  -8.44340551e-15 -1.79945104e-05]\n",
      " [ 7.63909478e-06  2.24559529e-04 -7.63909481e-06  2.24559529e-04\n",
      "   1.32887115e-15  2.14417679e-04]\n",
      " [-1.47645596e-05 -7.63909481e-06  1.47645596e-05 -7.63909478e-06\n",
      "   4.00251341e-15  1.79945104e-05]\n",
      " [ 7.63909479e-06  2.24559529e-04 -7.63909478e-06  2.24559529e-04\n",
      "  -2.22384253e-15  2.14417679e-04]\n",
      " [-8.44340551e-15  1.32887115e-15  4.00251341e-15 -2.22384253e-15\n",
      "  -1.33226763e-15 -1.32578405e-15]\n",
      " [-1.79945104e-05  2.14417679e-04  1.79945104e-05  2.14417679e-04\n",
      "  -1.32578405e-15  2.48825661e-04]]\n",
      "1.0444001773506484\n",
      "ground state energy:  (-2.790878811954719+0j)\n"
     ]
    },
    {
     "name": "stderr",
     "output_type": "stream",
     "text": [
      "\r",
      "Progress:  13%|█▎        | 13/100 [12:49<1:27:11, 60.13s/it]"
     ]
    },
    {
     "name": "stdout",
     "output_type": "stream",
     "text": [
      "[[ 2.12436599e-05 -1.61610060e-05 -2.12436599e-05 -1.61610060e-05\n",
      "  -7.15465752e-15 -5.33659572e-05]\n",
      " [-1.61610060e-05  3.27655085e-04  1.61610060e-05  3.27655085e-04\n",
      "   7.92907643e-15  3.60397709e-04]\n",
      " [-2.12436599e-05  1.61610060e-05  2.12436599e-05  1.61610060e-05\n",
      "   1.11514604e-14  5.33659572e-05]\n",
      " [-1.61610060e-05  3.27655085e-04  1.61610060e-05  3.27655085e-04\n",
      "   3.48818433e-15  3.60397709e-04]\n",
      " [-7.15465752e-15  7.92907643e-15  1.11514604e-14  3.48818433e-15\n",
      "  -1.77635684e-15  2.24065874e-15]\n",
      " [-5.33659572e-05  3.60397709e-04  5.33659572e-05  3.60397709e-04\n",
      "   2.24065874e-15  4.58364293e-04]]\n",
      "1.0675486036293615\n",
      "ground state energy:  (-2.730625513179081+0j)\n"
     ]
    },
    {
     "name": "stderr",
     "output_type": "stream",
     "text": [
      "\r",
      "Progress:  14%|█▍        | 14/100 [13:50<1:26:20, 60.24s/it]"
     ]
    },
    {
     "name": "stdout",
     "output_type": "stream",
     "text": [
      "[[ 5.87722199e-05 -6.76319093e-06 -5.87722198e-05 -6.76319092e-06\n",
      "  -8.92196075e-15 -1.09217539e-04]\n",
      " [-6.76319093e-06  6.95880847e-04  6.76319093e-06  6.95880847e-04\n",
      "   8.75644512e-15  7.17228798e-04]\n",
      " [-5.87722198e-05  6.76319093e-06  5.87722198e-05  6.76319092e-06\n",
      "   1.02542284e-14  1.09217539e-04]\n",
      " [-6.76319092e-06  6.95880847e-04  6.76319092e-06  6.95880847e-04\n",
      "   2.53919618e-15  7.17228797e-04]\n",
      " [-8.92196075e-15  8.75644512e-15  1.02542284e-14  2.53919618e-15\n",
      "   3.10862447e-15  1.23770706e-14]\n",
      " [-1.09217539e-04  7.17228798e-04  1.09217539e-04  7.17228797e-04\n",
      "   1.23770706e-14  9.17316926e-04]]\n",
      "1.088974872113521\n",
      "ground state energy:  (-2.7184755332961683+0j)\n"
     ]
    },
    {
     "name": "stderr",
     "output_type": "stream",
     "text": [
      "\r",
      "Progress:  15%|█▌        | 15/100 [14:51<1:25:46, 60.55s/it]"
     ]
    },
    {
     "name": "stdout",
     "output_type": "stream",
     "text": [
      "[[ 2.90631814e-05 -2.47976916e-05 -2.90631814e-05 -2.47976916e-05\n",
      "   6.71847898e-15 -7.56744779e-05]\n",
      " [-2.47976916e-05  6.37069819e-04  2.47976916e-05  6.37069819e-04\n",
      "  -7.90817935e-15  6.89037369e-04]\n",
      " [-2.90631814e-05  2.47976916e-05  2.90631814e-05  2.47976916e-05\n",
      "  -1.24916387e-14  7.56744779e-05]\n",
      " [-2.47976916e-05  6.37069819e-04  2.47976916e-05  6.37069819e-04\n",
      "  -4.79955489e-15  6.89037369e-04]\n",
      " [ 6.71847898e-15 -7.90817935e-15 -1.24916387e-14 -4.79955489e-15\n",
      "   2.66453526e-15 -8.00646172e-15]\n",
      " [-7.56744779e-05  6.89037369e-04  7.56744779e-05  6.89037369e-04\n",
      "  -8.00646172e-15  8.30191440e-04]]\n",
      "1.1086208274821878\n",
      "ground state energy:  (-2.6824396603026726+0j)\n"
     ]
    },
    {
     "name": "stderr",
     "output_type": "stream",
     "text": [
      "\r",
      "Progress:  16%|█▌        | 16/100 [15:49<1:23:22, 59.56s/it]"
     ]
    },
    {
     "name": "stdout",
     "output_type": "stream",
     "text": [
      "[[ 4.38286631e-06 -6.95603635e-07 -4.38286630e-06 -6.95603624e-07\n",
      "   1.14793528e-14 -8.33088891e-06]\n",
      " [-6.95603635e-07  9.62479219e-05  6.95603630e-07  9.62479219e-05\n",
      "   6.17581957e-15  9.87452970e-05]\n",
      " [-4.38286630e-06  6.95603630e-07  4.38286630e-06  6.95603631e-07\n",
      "  -7.92663908e-15  8.33088891e-06]\n",
      " [-6.95603624e-07  9.62479219e-05  6.95603631e-07  9.62479219e-05\n",
      "   5.28764115e-15  9.87452970e-05]\n",
      " [ 1.14793528e-14  6.17581957e-15 -7.92663908e-15  5.28764115e-15\n",
      "   4.44089210e-16 -3.69566505e-16]\n",
      " [-8.33088891e-06  9.87452970e-05  8.33088891e-06  9.87452970e-05\n",
      "  -3.69566505e-16  1.14561830e-04]]\n",
      "1.1262884963964326\n",
      "ground state energy:  (-2.6592395719038158+0j)\n"
     ]
    },
    {
     "name": "stderr",
     "output_type": "stream",
     "text": [
      "\r",
      "Progress:  17%|█▋        | 17/100 [16:49<1:22:49, 59.87s/it]"
     ]
    },
    {
     "name": "stdout",
     "output_type": "stream",
     "text": [
      "[[ 3.11098720e-05 -1.96549283e-05 -3.11098720e-05 -1.96549283e-05\n",
      "  -1.25995900e-14 -7.39394267e-05]\n",
      " [-1.96549283e-05  8.99414998e-04  1.96549284e-05  8.99414998e-04\n",
      "   4.90416483e-15  9.45446294e-04]\n",
      " [-3.11098720e-05  1.96549284e-05  3.11098720e-05  1.96549283e-05\n",
      "   1.03791440e-14  7.39394267e-05]\n",
      " [-1.96549283e-05  8.99414998e-04  1.96549283e-05  8.99414997e-04\n",
      "   1.91835202e-17  9.45446293e-04]\n",
      " [-1.25995900e-14  4.90416483e-15  1.03791440e-14  1.91835202e-17\n",
      "  -4.44089210e-15  9.85186602e-15]\n",
      " [-7.39394267e-05  9.45446294e-04  7.39394267e-05  9.45446293e-04\n",
      "   9.85186602e-15  1.08636100e-03]]\n",
      "1.141944971807248\n",
      "ground state energy:  (-2.6207826456707304+0j)\n"
     ]
    },
    {
     "name": "stderr",
     "output_type": "stream",
     "text": [
      "\r",
      "Progress:  18%|█▊        | 18/100 [17:49<1:21:55, 59.94s/it]"
     ]
    },
    {
     "name": "stdout",
     "output_type": "stream",
     "text": [
      "[[ 3.86335907e-05 -7.72601420e-05 -3.86335907e-05 -7.72601419e-05\n",
      "  -5.58379489e-15 -1.45456391e-04]\n",
      " [-7.72601420e-05  1.48130185e-03  7.72601419e-05  1.48130185e-03\n",
      "  -1.26119113e-14  1.63458066e-03]\n",
      " [-3.86335907e-05  7.72601419e-05  3.86335907e-05  7.72601419e-05\n",
