{
 "cells": [
  {
   "cell_type": "code",
   "execution_count": 5,
   "metadata": {
    "id": "-HqK2xfA74TF"
   },
   "outputs": [],
   "source": [
    "from qiskit_nature.drivers import Molecule\n",
    "from qiskit_nature.drivers.second_quantization import (\n",
    "    ElectronicStructureMoleculeDriver, ElectronicStructureDriverType)\n",
    "from qiskit_nature.problems.second_quantization import ElectronicStructureProblem\n",
    "from qiskit_nature.transformers.second_quantization.electronic import FreezeCoreTransformer\n",
    "from qiskit_nature.converters.second_quantization import QubitConverter\n",
    "from qiskit_nature.mappers.second_quantization import ParityMapper\n",
    "from qiskit.opflow import TwoQubitReduction\n",
    "from qiskit.utils import QuantumInstance\n",
    "from qiskit import IBMQ, BasicAer, Aer\n",
    "from qiskit.algorithms.optimizers import COBYLA, SPSA, SLSQP\n",
    "from qiskit_nature.algorithms import (GroundStateEigensolver,\n",
    "                                      NumPyMinimumEigensolverFactory)\n",
    "from qiskit_nature.circuit.library import UCCSD, HartreeFock\n",
    "from qiskit.algorithms import VQE\n",
    "\n",
    "\n",
    "\n",
    "def exact_solver(problem, converter):\n",
    "    solver = NumPyMinimumEigensolverFactory()\n",
    "    calc = GroundStateEigensolver(converter, solver)\n",
    "    result = calc.solve(problem)\n",
    "    return result\n",
    "\n",
    "def get_qubit_op(coordinates):\n",
    "    \n",
    "    # Define Molecule\n",
    "    molecule = Molecule(\n",
    "        # Coordinates in Angstrom\n",
    "        geometry=[\n",
    "            [\"H\", [coordinates[0],coordinates[1],0]],\n",
    "            [\"H\", [coordinates[2],coordinates[3],0]],\n",
    "            [\"H\", [coordinates[4],coordinates[5],0]]\n",
    "        ],\n",
    "        multiplicity=1,  # = 2*spin + 1\n",
    "        charge=1,\n",
    "    )\n",
    "\n",
    "    driver = ElectronicStructureMoleculeDriver(\n",
    "        molecule=molecule,\n",
    "        basis=\"sto3g\",\n",
    "        driver_type=ElectronicStructureDriverType.PYSCF)\n",
    "\n",
    "    # Get properties\n",
    "    properties = driver.run()\n",
    "    num_particles = (properties\n",
    "                        .get_property(\"ParticleNumber\")\n",
    "                        .num_particles)\n",
    "    num_spin_orbitals = int(properties\n",
    "                            .get_property(\"ParticleNumber\")\n",
    "                            .num_spin_orbitals)\n",
    "    \n",
    "    # Define Problem, Use freeze core approximation, remove orbitals.\n",
    "    problem = ElectronicStructureProblem(\n",
    "        driver,\n",
    "        [FreezeCoreTransformer(freeze_core=True)])\n",
    "\n",
    "    second_q_ops = problem.second_q_ops()  # Get 2nd Quant OP\n",
    "    num_spin_orbitals = problem.num_spin_orbitals\n",
    "    num_particles = problem.num_particles\n",
    "\n",
    "    mapper = ParityMapper()  # Set Mapper\n",
    "    hamiltonian = second_q_ops[0]  # Set Hamiltonian\n",
    "    # Do two qubit reduction\n",
    "    converter = QubitConverter(mapper,two_qubit_reduction=True)\n",
    "    reducer = TwoQubitReduction(num_particles)\n",
    "    qubit_op = converter.convert(hamiltonian)\n",
    "    qubit_op = reducer.convert(qubit_op)\n",
    "\n",
    "    return qubit_op, num_particles, num_spin_orbitals, problem, converter\n",
    "\n",
    "def calc_ground_state(op,num_part,num_orb,problem,converter,simulator='qasm', shots=1028):\n",
    "\n",
    "    \n",
    "    if simulator == 'qasm':\n",
    "        backend = Aer.get_backend('qasm_simulator') \n",
    "        quantum_instance = QuantumInstance(backend,shots=shots)\n",
    "        optimizer = SPSA(maxiter=100)\n",
    "    elif simulator == 'exact':\n",
    "        backend = BasicAer.get_backend(\"statevector_simulator\")\n",
    "        quantum_instance = QuantumInstance(backend)\n",
    "        optimizer = SPSA(maxiter=100)\n",
    "    else:\n",
    "        print('Error: simulator should be qasm or exact!')\n",
    " \n",
    "    result = exact_solver(problem,converter)\n",
    "\n",
    "\n",
    "    init_state = HartreeFock(num_orb, num_part, converter)\n",
    "     \n",
    "    var_form = UCCSD(converter,\n",
    "                        num_part,\n",
    "                        num_orb,\n",
    "                        initial_state=init_state)\n",
    "\n",
    "    vqe = VQE(var_form, optimizer, quantum_instance=quantum_instance) \n",
    "    vqe_result = vqe.compute_minimum_eigenvalue(op)\n",
    "    min_eng = vqe_result.eigenvalue\n",
    "    final_params = vqe_result.optimal_parameters \n",
    "    vqe_ground = vqe.ansatz.bind_parameters(final_params)  \n",
    "    \n",
    "    print('ground state energy: ',min_eng)\n",
    "    \n",
    "    return vqe_ground, min_eng"
   ]
  },
  {
   "cell_type": "code",
   "execution_count": 6,
   "metadata": {
    "id": "XIHU7gaW74TH"
   },
   "outputs": [],
   "source": [
    "Ha = 4.36e-18\n",
    "angst = 1.0e-10\n",
    "dR = 0.02 #removed the angst, since coordinates are given in angst\n",
    "\n",
    "from qiskit.opflow import I, X, Y, Z\n",
    "from qiskit.opflow.primitive_ops import PauliOp\n",
    "from qiskit.quantum_info import Pauli\n",
    "#from hamiltonian import calc_ground_state, get_qubit_op\n",
    "import numpy as np\n",
    "from qiskit.utils import QuantumInstance\n",
    "from qiskit.opflow import PauliExpectation, CircuitSampler, StateFn, CircuitStateFn\n",
    "from qiskit import IBMQ, BasicAer, Aer\n",
    "\n",
    "import time #to see which part of code takes the longest\n",
    "\n",
    "\n",
    "def get_psi_0(coordinates, simulator='qasm',shots=1028):\n",
    "\n",
    "    #get qubit operator corresponding to H(R)\n",
    "    (qubit_op, num_part, num_orb, problem, converter) = get_qubit_op(coordinates)\n",
    "    #get the ground state of H(R)\n",
    "    psi_0,_ = calc_ground_state(qubit_op,num_part, num_orb, problem, converter, simulator,shots=shots)\n",
    "    psi_0 = CircuitStateFn(psi_0)\n",
    "\n",
    "    return psi_0\n",
    "\n",
    "def calc_forces(coordinates, psi=None, simulator='qasm'):\n",
    "    \n",
    "    psi_0 = psi\n",
    "    \n",
    "    if (psi_0 == None):\n",
    "        psi_0 = get_psi_0(coordinates, simulator)\n",
    "        \n",
    "    if simulator == 'exact':\n",
    "        backend = Aer.get_backend('qasm_simulator') \n",
    "        q_instance = QuantumInstance(backend, shots=1028)\n",
    "    elif simulator == \"exact\":\n",
    "        backend = BasicAer.get_backend(\"statevector_simulator\")\n",
    "        q_instance = QuantumInstance(backend)\n",
    "    else:\n",
    "        print('Error: simulator should be qasm or exact!')\n",
    "        \n",
    "    forces = []\n",
    "    vars = []\n",
    "    #loop over particles\n",
    "    \n",
    "    for i in range(len(coordinates)):\n",
    "\n",
    "        #get qubit operators coresponding to H+ (hamiltonian for atomic distances R + dR)\n",
    "        (qubit_op_plus, num_part_plus, num_orb_plus, problem_plus, converter_plus) = get_qubit_op(np.split((coordinates[0:i]+[(coordinates[i]+dR)]+coordinates[i+1:]),3))\n",
    "    \n",
    "        #get qubit operators coresponding to H- (hamiltonian for atomic distances R - dR)\n",
    "        (qubit_op_minus, num_part_minus, num_orb_minus, problem_minus, converter_minus) = get_qubit_op(np.split((coordinates[0:i]+[(coordinates[i]+dR)]+coordinates[i+1:]),3))\n",
    "    \n",
    "        rep_eng_plus = problem_plus.grouped_property_transformed.get_property(\"ElectronicEnergy\").nuclear_repulsion_energy\n",
    "        rep_eng_minus = problem_minus.grouped_property_transformed.get_property(\"ElectronicEnergy\").nuclear_repulsion_energy\n",
    "    \n",
    "        #define desired observable (H_+ - H_-)/(2dR) = force  \n",
    "        Obs = (qubit_op_plus-qubit_op_minus)\n",
    "        Obs_var = Obs*Obs\n",
    "        print(\"PRIMITIVE LIST\")\n",
    "        print(Obs_var.primitive.to_list())\n",
    "        nuc = rep_eng_plus - rep_eng_minus\n",
    "        #Obs_squared = Obs * Obs\n",
    "       \n",
    "        #get the expectation value <psi_0|O|psi_0>Ã‚Â¨\n",
    "        \n",
    "        measurable_expression = StateFn(Obs, is_measurement=True).compose(psi_0)\n",
    "        measurable_expression_var = StateFn(Obs_var, is_measurement=True).compose(psi_0)\n",
    "        #measurable_expression_var =  StateFn(Obs_squared, is_measurement=True).compose(psi_0)\n",
    "        expectation = PauliExpectation().convert(measurable_expression)\n",
    "        expectation_var = PauliExpectation().convert(measurable_expression_var)\n",
    " \n",
    "        #expectation_var = PauliExpectation().convert(measurable_expression)\n",
    "        sampler = CircuitSampler(q_instance).convert(expectation)\n",
    "        sampler_var = CircuitSampler(q_instance).convert(expectation_var)\n",
    "        #sampler_var = CircuitSampler(q_instance).convert(expectation) \n",
    "\n",
    "        f = sampler.eval().real + nuc\n",
    "        ff = sampler_var.eval().real + 2*sampler.eval().real*nuc +nuc**2 +(sampler.eval().real)**2\n",
    "        print(ff)\n",
    "        #print(sampler_var.eval())\n",
    "        #variance = sampler_var.eval().real - f^2\n",
    "        forces.append(f*Ha*(1/(2*dR*angst)))\n",
    "        vars.append(ff*Ha*(1/(2*dR*angst)))\n",
    "        # in the dimension of nN to avoid small values.\n",
    "    \n",
    "    return forces,vars\n",
    "\n",
    "\n",
    "def calc_force_and_cov(coordinates, simulator = 'qasm', PauliSet = None, mode = 'full', shots = 1028):\n",
    "    \n",
    "    if simulator == 'exact':\n",
    "            backend = Aer.get_backend('qasm_simulator') \n",
    "            q_instance = QuantumInstance(backend, shots=shots)\n",
    "    elif simulator == \"qasm\":\n",
    "            backend = BasicAer.get_backend(\"statevector_simulator\")\n",
    "            q_instance = QuantumInstance(backend)\n",
    "    else:\n",
    "        print('Error: simulator should be qasm or exact!')\n",
    "        \n",
    "    num_coord = len(coordinates)   \n",
    "    \n",
    "    start = time.time()\n",
    "    psi_0 = get_psi_0(coordinates, simulator = simulator, shots=shots)\n",
    "    end = time.time()\n",
    "    \n",
    "    time_psi_0 = end - start\n",
    "\n",
    "    forces = np.zeros(num_coord)\n",
    "    force_ops = []\n",
    "    force_op_coeffs = [] # array with dictionaries containing Pauli coefficients\n",
    "    coordinates = coordinates.tolist()\n",
    "    \n",
    "    \n",
    "    start = time.time()\n",
    "    #get force component operators and decomposition (without the 1/(2*dR) factor, for numerical reasons) \n",
    "    for i in range(num_coord):\n",
    "        \n",
    "        #get qubit operators coresponding to H+ (hamiltonian for atomic distances R + dR)\n",
    "        (qubit_op_plus, num_part_plus, num_orb_plus, problem_plus, converter_plus) = get_qubit_op(coordinates[0:i]+[(coordinates[i]+dR)]+coordinates[i+1:])\n",
    "        #get qubit operators coresponding to H- (hamiltonian for atomic distances R - dR)\n",
    "        (qubit_op_minus, num_part_minus, num_orb_minus, problem_minus, converter_minus) = get_qubit_op(coordinates[0:i]+[(coordinates[i]-dR)]+coordinates[i+1:])\n",
    "\n",
    "        rep_eng_plus = problem_plus.grouped_property_transformed.get_property(\"ElectronicEnergy\").nuclear_repulsion_energy\n",
    "        rep_eng_minus  = problem_minus.grouped_property_transformed.get_property(\"ElectronicEnergy\").nuclear_repulsion_energy\n",
    "        \n",
    "        qubit_op_plus = qubit_op_plus + rep_eng_plus*(I^I^I^I) #TODO:number of I's needs to be changed according to number of qubits\n",
    "        qubit_op_minus = qubit_op_minus + rep_eng_minus*(I^I^I^I)\n",
    "        \n",
    "       \n",
    "        op =  -(qubit_op_plus - qubit_op_minus)\n",
    "                    \n",
    "        op_list = op.primitive.to_list() #list containing Pauli operators in support and corresponding coeffs\n",
    "        \n",
    "        #construct dict from list\n",
    "        op_dict = {}\n",
    "        for (PauliString,coeff) in op_list:\n",
    "\n",
    "            if PauliString in op_dict:\n",
    "                op_dict[PauliString] += coeff\n",
    "            else:\n",
    "                op_dict[PauliString] = coeff\n",
    "                \n",
    "        force_ops.append(op)\n",
    "        force_op_coeffs.append(op_dict)\n",
    "        \n",
    "        if i == 0:  #we need two Pauli Ops to calculate the product and their support\n",
    "            P1 = op\n",
    "    \n",
    "    \n",
    "    if PauliSet == None:\n",
    "        \n",
    "        pauli_op_set = {'IIII'} #Could not initialize empty set for some reason\n",
    "        # construct set of PauliOp products that we need to calculate\n",
    "\n",
    "        for PauliString,coeff in force_op_coeffs[0].items():\n",
    "            pauli_op_set.add(PauliString)\n",
    "\n",
    "        #to get set of necessary PauliOp products:\n",
    "        \n",
    "            P_prod = P1@P1\n",
    "            P_list = P_prod.primitive.to_list()\n",
    "\n",
    "            for (PauliString,coeff) in P_list:\n",
    "                pauli_op_set.add(PauliString)\n",
    "                \n",
    "    else: pauli_op_set = PauliSet\n",
    "        \n",
    "    end = time.time()\n",
    "    \n",
    "    time_pauli_ops = end - start\n",
    "        \n",
    "\n",
    "        # Now we calculate the expectation values of all the relevant PauliOps\n",
    "    \n",
    "    start = time.time()\n",
    "    exp_dict = {} # dictionary with relevant expectation values\n",
    "        \n",
    "    for pauli_string in pauli_op_set:\n",
    "            \n",
    "        Obs = PauliOp(Pauli(pauli_string))\n",
    "        measurable_expression = StateFn(Obs, is_measurement=True).compose(psi_0)\n",
    "        expectation = PauliExpectation().convert(measurable_expression)  \n",
    "        sampler = CircuitSampler(q_instance).convert(expectation) \n",
    "        E = sampler.eval().real\n",
    "            \n",
    "        exp_dict[pauli_string] = E\n",
    "                \n",
    "    for i in range(len(coordinates)):\n",
    "        for pauli_op,coeff in force_op_coeffs[i].items():\n",
    "            forces[i] += coeff.real*exp_dict[pauli_op]\n",
    "            \n",
    "    end = time.time()   \n",
    "    time_calc_exp = end - start\n",
    "    \n",
    "    \n",
    "    start = time.time()\n",
    "    COV = np.zeros((num_coord,num_coord)) #force covariance matrix, without some multiplicative factors. \n",
    "        \n",
    "    for i in range(num_coord):\n",
    "        for j in range(i,num_coord):\n",
    "\n",
    "            Pij = force_ops[i]@force_ops[j]\n",
    "            Pij_list = Pij.primitive.to_list()\n",
    "\n",
    "            #add product expectation <FiFj>\n",
    "            for (pauli_string,coeff) in Pij_list:\n",
    "                COV[i,j] += coeff.real*exp_dict[pauli_string]\n",
    "                    #subtract <Fi><Fj>\n",
    "            COV[i,j] -= forces[i]*forces[j]\n",
    "\n",
    "            #since COV is symmetric\n",
    "            if i < j:\n",
    "                COV[j,i] = COV[i,j]\n",
    "    end = time.time()\n",
    "    \n",
    "    time_cov = end - start\n",
    "\n",
    "    #print(f'Time to: Calculate Ground State - {round(time_psi_0,2)}s, Get Pauli Ops - {round(time_pauli_ops,2)}s, Calculate Pauli Expectation Values - {round(time_calc_exp,2)}s, Calculate Covariance - {round(time_cov,2)}s')\n",
    "    print(COV)\n",
    "    return forces*Ha*(1/(2*dR*angst)),COV*(Ha*(1/(2*dR*angst)))**2"
   ]
  },
  {
   "cell_type": "code",
   "execution_count": 7,
   "metadata": {
    "id": "0zAsZiVp74TP"
   },
   "outputs": [],
   "source": [
    "#from Quantech.verlet_integrator import distance\n",
    "#from force import calc_force_and_cov\n",
    "import numpy as np\n",
    "from tqdm import tqdm #to show progress\n",
    "\n",
    "\n",
    "#implementation of the explicit Euler integrator\n",
    "femto = 1.0e-15\n",
    "angst = 1.0e-10\n",
    "\n",
    "def distance(coordinates1,coordinates2):\n",
    "    return np.sqrt(np.power((coordinates1[0] - coordinates2[0]),2) + np.power((coordinates1[1] - coordinates2[1]),2))\n",
    "\n",
    "\n",
    "def main():\n",
    "    #mass of particle1 (H)\n",
    "    mass_0 = 1.67e-27\n",
    "    #mass of particle2 (H)\n",
    "    mass_1 = 1.67e-27\n",
    "    #mass of particle3 (H)\n",
    "    mass_2 = 1.67e-27\n",
    "    #time step of integrator\n",
    "    dt = 0.2*femto\n",
    "    #initial velocity of atoms\n",
    "    v_init_0 = np.array([0,0])\n",
    "    v_init_1 = np.array([0,0])\n",
    "    v_init_2 = np.array([0,0])\n",
    "\n",
    "    v_init = np.concatenate((v_init_0,v_init_1,v_init_2),axis=None)\n",
    "\n",
    "    #distances between atoms\n",
    "    d = 0.8\n",
    "\n",
    "    #initial positions of atoms, arrangement = equilateral triangle\n",
    "    init_pos0 = np.array([0,0])\n",
    "    init_pos1 = np.array([d,0])\n",
    "    init_pos2 = np.array([d/2,np.sqrt(3)/2*d])\n",
    "    init_pos = np.concatenate((init_pos0,init_pos1,init_pos2),axis=None)\n",
    "\n",
    "    #integrator timesteps\n",
    "    times = np.arange(0*femto, 2.0*femto, dt)\n",
    "    #coordinate array\n",
    "    coords = [init_pos]\n",
    "    force = []\n",
    "    distance01 = [d]\n",
    "    distance02 = [d]\n",
    "    distance12 = [d]\n",
    "    #temperature in ?? \n",
    "    #k_B*T in Joule\n",
    "    k_b = 1.38065e-23\n",
    "    T = 420\n",
    "    k_T = k_b*T\n",
    "        #delta factor\n",
    "    delta = 0.1*dt\n",
    "    #hold v_next\n",
    "    v_next = None\n",
    "    \n",
    "    simulator = 'qasm'\n",
    "\n",
    "    for time in tqdm(times, desc='Progress: '):\n",
    "        \n",
    "        r = coords[-1]\n",
    "        \n",
    "        (forces,COV) = calc_force_and_cov(coords[-1],simulator = simulator, shots = 2000)\n",
    "        force.append(forces)\n",
    "        \n",
    "        if time == 0:\n",
    "\n",
    "            v_next = v_init - delta/(2*k_T*np.power(mass_0*mass_1*mass_2,1/3))*np.matmul(COV,v_init)*dt + dt*forces/mass_0\n",
    "            \n",
    "            r_next = (r*angst + dt*v_next)/angst\n",
    "\n",
    "            #r_split = np.array_split(r_next,3)\n",
    "\n",
    "            coords.append(r_next)\n",
    "            \n",
    "\n",
    "        else:\n",
    "\n",
    "            v_next += - delta/(2*k_T*np.power(mass_0*mass_1*mass_2,1/3))*np.matmul(COV,v_next)*dt + dt*forces/mass_0\n",
    "            \n",
    "            r_next = (r*angst + dt*v_next)/angst\n",
    "\n",
    "            #r_split = np.array_split(r_next,3)\n",
    "\n",
    "            coords.append(r_next)\n",
    "\n",
    "        dists = np.split(coords[-1],3)\n",
    "        d01 = distance(dists[0],dists[1])\n",
    "        print(d01)\n",
    "        distance01.append(d01)\n",
    "        d02 = distance(dists[0],dists[2])\n",
    "        distance02.append(d02)\n",
    "        d12 = distance(dists[1],dists[2])\n",
    "        distance12.append(d12)\n",
    "        \n",
    "    return (distance01,distance02,distance12,times,force)    "
   ]
  },
  {
   "cell_type": "code",
   "execution_count": 8,
   "metadata": {
    "colab": {
     "base_uri": "https://localhost:8080/",
     "height": 1000
    },
    "id": "dmmwLC6Y74TQ",
    "outputId": "e0c92b76-1146-4dd6-e5a4-fb724e64058a"
   },
   "outputs": [
    {
     "name": "stderr",
     "output_type": "stream",
     "text": [
      "\r",
      "Progress:   0%|          | 0/10 [00:00<?, ?it/s]"
     ]
    },
    {
     "name": "stdout",
     "output_type": "stream",
     "text": [
      "ground state energy:  (-3.164844815239448+0j)\n"
     ]
    },
    {
     "name": "stderr",
     "output_type": "stream",
     "text": [
      "\r",
      "Progress:  10%|█         | 1/10 [01:40<15:00, 100.03s/it]"
     ]
    },
    {
     "name": "stdout",
     "output_type": "stream",
     "text": [
      "[[ 8.61966305e-05 -8.61496513e-05 -8.61966305e-05 -8.61496513e-05\n",
      "  -3.95556255e-15 -2.37786000e-04]\n",
      " [-8.61496513e-05  1.48016036e-03  8.61496513e-05  1.48016036e-03\n",
      "  -1.15378570e-14  1.65888495e-03]\n",
      " [-8.61966305e-05  8.61496513e-05  8.61966305e-05  8.61496513e-05\n",
      "   1.23932575e-14  2.37786000e-04]\n",
      " [-8.61496513e-05  1.48016036e-03  8.61496513e-05  1.48016036e-03\n",
      "  -2.65607275e-15  1.65888495e-03]\n",
      " [-3.95556255e-15 -1.15378570e-14  1.23932575e-14 -2.65607275e-15\n",
      "  -4.44089210e-16 -6.32366117e-17]\n",
      " [-2.37786000e-04  1.65888495e-03  2.37786000e-04  1.65888495e-03\n",
      "  -6.32366117e-17  2.10492224e-03]]\n",
      "0.8059539687389696\n",
      "ground state energy:  (-3.180717388753279+0j)\n"
     ]
    },
    {
     "name": "stderr",
     "output_type": "stream",
     "text": [
      "\r",
      "Progress:  20%|██        | 2/10 [03:03<12:03, 90.46s/it] "
     ]
    },
    {
     "name": "stdout",
     "output_type": "stream",
     "text": [
      "[[ 2.47501979e-05  4.31724078e-05 -2.47501979e-05  4.31724078e-05\n",
      "   1.51049080e-14  1.02504730e-06]\n",
      " [ 4.31724078e-05  3.78100205e-04 -4.31724078e-05  3.78100205e-04\n",
      "  -8.84280551e-16  3.09711401e-04]\n",
      " [-2.47501979e-05 -4.31724078e-05  2.47501979e-05 -4.31724078e-05\n",
      "  -1.46608188e-14 -1.02504730e-06]\n",
      " [ 4.31724078e-05  3.78100205e-04 -4.31724078e-05  3.78100205e-04\n",
      "   8.92076289e-16  3.09711401e-04]\n",
      " [ 1.51049080e-14 -8.84280551e-16 -1.46608188e-14  8.92076289e-16\n",
      "   2.66453526e-15 -6.26435059e-18]\n",
      " [ 1.02504730e-06  3.09711401e-04 -1.02504730e-06  3.09711401e-04\n",
      "  -6.26435059e-18  3.13187629e-04]]\n",
      "0.8168384312512387\n",
      "ground state energy:  (-3.0465543461351308+0j)\n"
     ]
    },
    {
     "name": "stderr",
     "output_type": "stream",
     "text": [
      "\r",
      "Progress:  30%|███       | 3/10 [04:27<10:11, 87.32s/it]"
     ]
    },
    {
     "name": "stdout",
     "output_type": "stream",
     "text": [
      "[[ 1.58325051e-04 -2.84841703e-04 -1.58325051e-04 -2.84841703e-04\n",
      "   8.44047691e-15 -5.62057262e-04]\n",
      " [-2.84841703e-04  5.81058463e-03  2.84841703e-04  5.81058463e-03\n",
      "  -1.02152314e-14  6.40471850e-03]\n",
      " [-1.58325051e-04  2.84841703e-04  1.58325051e-04  2.84841703e-04\n",
      "  -4.88776323e-15  5.62057262e-04]\n",
      " [-2.84841703e-04  5.81058463e-03  2.84841703e-04  5.81058463e-03\n",
      "  -6.66251771e-15  6.40471850e-03]\n",
      " [ 8.44047691e-15 -1.02152314e-14 -4.88776323e-15 -6.66251771e-15\n",
      "   1.77635684e-15  1.32624661e-15]\n",
      " [-5.62057262e-04  6.40471850e-03  5.62057262e-04  6.40471850e-03\n",
      "   1.32624661e-15  7.48598914e-03]]\n",
      "0.8321494250165885\n",
      "ground state energy:  (-2.679051484896706+0j)\n"
     ]
    },
    {
     "name": "stderr",
     "output_type": "stream",
     "text": [
      "\r",
      "Progress:  40%|████      | 4/10 [05:50<08:34, 85.70s/it]"
     ]
    },
    {
     "name": "stdout",
     "output_type": "stream",
     "text": [
      "[[ 3.19158117e-04  1.14648797e-03 -3.19158117e-04  1.14648797e-03\n",
      "   2.49067951e-15  6.11170180e-04]\n",
      " [ 1.14648797e-03  1.42706783e-02 -1.14648797e-03  1.42706783e-02\n",
      "   5.25572453e-15  1.25375355e-02]\n",
      " [-3.19158117e-04 -1.14648797e-03  3.19158117e-04 -1.14648797e-03\n",
      "  -6.93157161e-15 -6.11170180e-04]\n",
      " [ 1.14648797e-03  1.42706783e-02 -1.14648797e-03  1.42706783e-02\n",
      "   9.69661663e-15  1.25375355e-02]\n",
      " [ 2.49067951e-15  5.25572453e-15 -6.93157161e-15  9.69661663e-15\n",
      "   4.44089210e-16 -1.11191891e-15]\n",
      " [ 6.11170180e-04  1.25375355e-02 -6.11170180e-04  1.25375355e-02\n",
      "  -1.11191891e-15  1.17060638e-02]]\n",
      "0.8512418514444783\n",
      "ground state energy:  (-2.8873766304345168+0j)\n"
     ]
    },
    {
     "name": "stderr",
     "output_type": "stream",
     "text": [
      "\r",
      "Progress:  50%|█████     | 5/10 [07:11<07:00, 84.14s/it]"
     ]
    },
    {
     "name": "stdout",
     "output_type": "stream",
     "text": [
      "[[ 1.93977761e-04  5.36918527e-04 -1.93977761e-04  5.36918527e-04\n",
      "   3.68621533e-15  2.05031495e-04]\n",
      " [ 5.36918527e-04  4.76962415e-03 -5.36918527e-04  4.76962415e-03\n",
      "   8.69197927e-15  3.88159397e-03]\n",
      " [-1.93977761e-04 -5.36918527e-04  1.93977761e-04 -5.36918527e-04\n",
      "  -4.13030454e-15 -2.05031495e-04]\n",
      " [ 5.36918527e-04  4.76962415e-03 -5.36918527e-04  4.76962415e-03\n",
      "   3.80699796e-15  3.88159397e-03]\n",
      " [ 3.68621533e-15  8.69197927e-15 -4.13030454e-15  3.80699796e-15\n",
      "   7.54951657e-15  9.12894731e-16]\n",
      " [ 2.05031495e-04  3.88159397e-03 -2.05031495e-04  3.88159397e-03\n",
      "   9.12894731e-16  3.56183295e-03]]\n",
      "0.8779144910804529\n",
      "ground state energy:  (-2.9939007802317095+0j)\n"
     ]
    },
    {
     "name": "stderr",
     "output_type": "stream",
     "text": [
      "\r",
      "Progress:  60%|██████    | 6/10 [08:34<05:34, 83.71s/it]"
     ]
    },
    {
     "name": "stdout",
     "output_type": "stream",
     "text": [
      "[[ 9.72127127e-05  2.43705943e-05 -9.72127127e-05  2.43705943e-05\n",
      "  -9.33892966e-15 -1.44019044e-04]\n",
      " [ 2.43705943e-05  2.23955867e-03 -2.43705943e-05  2.23955867e-03\n",
      "  -2.04334149e-14  2.23088475e-03]\n",
      " [-9.72127127e-05 -2.43705943e-05  9.72127127e-05 -2.43705943e-05\n",
      "   1.37798218e-14  1.44019044e-04]\n",
      " [ 2.43705943e-05  2.23955867e-03 -2.43705943e-05  2.23955867e-03\n",
      "  -1.86570580e-14  2.23088475e-03]\n",
      " [-9.33892966e-15 -2.04334149e-14  1.37798218e-14 -1.86570580e-14\n",
      "   6.66133815e-15 -5.75585092e-15]\n",
      " [-1.44019044e-04  2.23088475e-03  1.44019044e-04  2.23088475e-03\n",
      "  -5.75585092e-15  2.51442709e-03]]\n",
      "0.906175697726241\n",
      "ground state energy:  (-2.4222038233944065+0j)\n"
     ]
    },
    {
     "name": "stderr",
     "output_type": "stream",
     "text": [
      "\r",
      "Progress:  70%|███████   | 7/10 [09:58<04:10, 83.55s/it]"
     ]
    },
    {
     "name": "stdout",
     "output_type": "stream",
     "text": [
      "[[ 1.16470522e-04 -8.89751562e-04 -1.16470522e-04 -8.89751562e-04\n",
      "   2.59499996e-15 -1.09138548e-03]\n",
      " [-8.89751562e-04  2.38040710e-02  8.89751562e-04  2.38040710e-02\n",
      "  -9.48838999e-15  2.54214654e-02]\n",
      " [-1.16470522e-04  8.89751562e-04  1.16470522e-04  8.89751562e-04\n",
      "  -6.59180285e-15  1.09138548e-03]\n",
      " [-8.89751562e-04  2.38040710e-02  8.89751562e-04  2.38040710e-02\n",
      "  -9.48838999e-15  2.54214654e-02]\n",
      " [ 2.59499996e-15 -9.48838999e-15 -6.59180285e-15 -9.48838999e-15\n",
      "   3.99680289e-15 -1.09956064e-14]\n",
      " [-1.09138548e-03  2.54214654e-02  1.09138548e-03  2.54214654e-02\n",
      "  -1.09956064e-14  2.73891034e-02]]\n",
      "0.9280676391463158\n",
      "ground state energy:  (-2.9547564482085886+0j)\n"
     ]
    },
    {
     "name": "stderr",
     "output_type": "stream",
     "text": [
      "\r",
      "Progress:  80%|████████  | 8/10 [11:20<02:46, 83.16s/it]"
     ]
    },
    {
     "name": "stdout",
     "output_type": "stream",
     "text": [
      "[[ 4.10441349e-05 -7.17161796e-05 -4.10441349e-05 -7.17161796e-05\n",
      "   5.60825377e-15 -1.42464382e-04]\n",
      " [-7.17161796e-05  1.00169176e-03  7.17161797e-05  1.00169176e-03\n",
      "  -2.85447024e-15  1.12743647e-03]\n",
      " [-4.10441349e-05  7.17161797e-05  4.10441349e-05  7.17161796e-05\n",
      "  -6.05234298e-15  1.42464382e-04]\n",
      " [-7.17161796e-05  1.00169176e-03  7.17161796e-05  1.00169176e-03\n",
      "  -4.18673787e-15  1.12743647e-03]\n",
      " [ 5.60825377e-15 -2.85447024e-15 -6.05234298e-15 -4.18673787e-15\n",
      "   1.77635684e-15 -6.00152876e-15]\n",
      " [-1.42464382e-04  1.12743647e-03  1.42464382e-04  1.12743647e-03\n",
      "  -6.00152876e-15  1.37516079e-03]]\n",
      "0.9725736640800761\n",
      "ground state energy:  (-2.8920236556426717+0j)\n"
     ]
    },
    {
     "name": "stderr",
     "output_type": "stream",
     "text": [
      "\r",
      "Progress:  90%|█████████ | 9/10 [12:41<01:22, 82.52s/it]"
     ]
    },
    {
     "name": "stdout",
     "output_type": "stream",
     "text": [
      "[[ 1.68576017e-05 -8.28713243e-06 -1.68576016e-05 -8.28713251e-06\n",
      "  -7.30474960e-15 -3.71159156e-05]\n",
      " [-8.28713243e-06  4.40186628e-04  8.28713243e-06  4.40186630e-04\n",
      "  -3.14860343e-14  4.54880251e-04]\n",
      " [-1.68576016e-05  8.28713243e-06  1.68576016e-05  8.28713251e-06\n",
      "   1.61865338e-14  3.71159155e-05]\n",
      " [-8.28713251e-06  4.40186630e-04  8.28713251e-06  4.40186631e-04\n",
      "  -3.85914616e-14  4.54880252e-04]\n",
      " [-7.30474960e-15 -3.14860343e-14  1.61865338e-14 -3.85914616e-14\n",
      "  -7.54951657e-15 -1.01369715e-14]\n",
      " [-3.71159156e-05  4.54880251e-04  3.71159155e-05  4.54880252e-04\n",
      "  -1.01369715e-14  5.18882283e-04]]\n",
      "1.0173042521971551\n",
      "ground state energy:  (-2.8203514403046204+0j)\n"
     ]
    },
    {
     "name": "stderr",
     "output_type": "stream",
     "text": [
      "Progress: 100%|██████████| 10/10 [14:04<00:00, 84.49s/it]"
     ]
    },
    {
     "name": "stdout",
     "output_type": "stream",
     "text": [
      "[[ 1.11686546e-05  4.86949796e-06 -1.11686546e-05  4.86949791e-06\n",
      "  -1.64162314e-14 -1.41522865e-05]\n",
      " [ 4.86949796e-06  3.31025971e-04 -4.86949794e-06  3.31025973e-04\n",
      "  -5.51751774e-14  3.24587542e-04]\n",
      " [-1.11686546e-05 -4.86949794e-06  1.11686546e-05 -4.86949789e-06\n",
      "   1.73044098e-14  1.41522865e-05]\n",
      " [ 4.86949791e-06  3.31025973e-04 -4.86949789e-06  3.31025974e-04\n",
      "  -5.73956235e-14  3.24587543e-04]\n",
      " [-1.64162314e-14 -5.51751774e-14  1.73044098e-14 -5.73956235e-14\n",
      "  -2.22044605e-15 -2.83396889e-14]\n",
      " [-1.41522865e-05  3.24587542e-04  1.41522865e-05  3.24587543e-04\n",
      "  -2.83396889e-14  3.50561677e-04]]\n",
      "1.0609221641098046\n"
     ]
    },
    {
     "name": "stderr",
     "output_type": "stream",
     "text": [
      "\n"
     ]
    }
   ],
   "source": [
    "import matplotlib.pyplot as plt\n",
    "(distance01,distance02,distance12,times,force) = main()"
   ]
  },
  {
   "cell_type": "code",
   "execution_count": 15,
   "metadata": {},
   "outputs": [
    {
     "name": "stdout",
     "output_type": "stream",
     "text": [
      "(10, 6)\n"
     ]
    },
    {
     "data": {
